A = [1 1 1 1 1;
    1 -1i -1 1i 1;
    1 -1 1 -1 1;
    1 1i -1 -1i 1;
    1 1 1 1 1];
B = [1; 2; 3; 2; 1];

C = A*B